current: [0.0, 0.0]
next: [2.0, 1.0]
midpoint: [1.0, 0.5]
unit_dir: [0.8944271909999159, 0.4472135954999579] (segment length = 2.236 m)
OFFSET: 0.500 m
RADIUS: 0.250 m
off1: [0.7763932022500211, 0.9472135954999579]
off2: [1.223606797749979, 0.05278640450004207]
