P0: [0.0, 0.0]
P1: [1.0, 0.2]
P2: [2.0, 0.6]
L: 1.077
κ: 0.17441
s: 0.2444
BASE: 0.400
d_in: 0.302
d_out: 0.498
push_in: 0.0278
push_out: 0.0000
C_in: [1.3774410768031458, 0.7063973079921355]
C_out: [1.6848690481308888, -0.06217262032722176]
