current: [0.0, 0.0]
next: [2.0, 1.0]
midpoint: [1.0, 0.5]
unit_dir: [0.8944271909999159, 0.4472135954999579] (segment length = 2.236 m)
unit_perp: [-0.4472135954999579, 0.8944271909999159]
OFFSET: 0.500 m
RADIUS: 0.250 m
obstacle1_center: [0.7763932022500211, 0.9472135954999579]
obstacle2_center: [1.223606797749979, 0.05278640450004207]
